inputs=41 keys=59 outputs=32 gates=605
iteration: 1; vars: 3696; clauses: 566; decisions: 0
finished solver loop. fail_count = 0
key=11111111111111111111111111111111111111111111111111111111111
iteration=1; backbones_count=0; cube_count=6268; cpu_time=0.03125; maxrss=4.21484
