inputs=36 keys=20 outputs=7 gates=180
iteration: 1; vars: 1138; clauses: 651; decisions: 111
iteration: 2; vars: 1484; clauses: 1025; decisions: 195
iteration: 3; vars: 1830; clauses: 1403; decisions: 2367
finished solver loop. fail_count = 0
key=11111111101111111111
iteration=3; backbones_count=0; cube_count=3830; cpu_time=0.015625; maxrss=2.32812
