inputs=199 keys=379 outputs=67 gates=1694
iteration: 1; vars: 10923; clauses: 1645; decisions: 670
iteration: 2; vars: 14177; clauses: 4793; decisions: 924
iteration: 3; vars: 17431; clauses: 7717; decisions: 1195
iteration: 4; vars: 20685; clauses: 10217; decisions: 1571
iteration: 5; vars: 23939; clauses: 13007; decisions: 5310
finished solver loop. fail_count = 0
key=0101010101010101010101010101010101010101010101010101010101010101010101010101010101010000010101010101010101010101010101010101010101010101010101010101010101010101101010001111010101010101010101010101010101010101010101010101010101010101010101010101010101010101010101010101010101010101010101010101010101010101010101010100101001010101010101010101010101010101001010010101010101010101010
iteration=5; backbones_count=0; cube_count=46616; cpu_time=0.078125; maxrss=8.72656
