inputs=88 keys=281 outputs=63 gates=1316
iteration: 1; vars: 8360; clauses: 2619; decisions: 6636
iteration: 2; vars: 10866; clauses: 2519; decisions: 6772
iteration: 3; vars: 13372; clauses: 2506; decisions: 10094
iteration: 4; vars: 15878; clauses: 6668; decisions: 10253
iteration: 5; vars: 18384; clauses: 10840; decisions: 10344
iteration: 6; vars: 20890; clauses: 15016; decisions: 24720
finished solver loop. fail_count = 0
key=01001001010100000000000111111111111111111111111111111111100000000000000000000001111111111111111111111110000000000000000000000000101001010100000000000000000000000000000000000111111111111111111111111111111110101010100101010101011010101010101010101010101010101010101010101010101010101
iteration=6; backbones_count=0; cube_count=45664; cpu_time=0.203125; maxrss=6.85938
