inputs=46 keys=186 outputs=45 gates=2001
iteration: 1; vars: 12286; clauses: 2662; decisions: 84
iteration: 2; vars: 16196; clauses: 5806; decisions: 155
iteration: 3; vars: 20106; clauses: 8922; decisions: 278
finished solver loop. fail_count = 0
key=010101101000101101010010100100110101001010010111010100010100111111110101001010101010101010101010101010010010101010101010101010101010101011111111111111111111111100101000100101010010001000
iteration=3; backbones_count=0; cube_count=42292; cpu_time=0.109375; maxrss=8.04688
