inputs=199 keys=379 outputs=67 gates=1694
iteration: 1; vars: 10923; clauses: 2655; decisions: 535
iteration: 2; vars: 14177; clauses: 2019; decisions: 3892
iteration: 3; vars: 17431; clauses: 8157; decisions: 8204
iteration: 4; vars: 20685; clauses: 14153; decisions: 14375
iteration: 5; vars: 23939; clauses: 20175; decisions: 39757
finished solver loop. fail_count = 0
key=0011110011010110000010110001111000111010111101001010100100011101010111010101001010000011010000100001100011101000100111010111111111101101011001011100010101010111100010100000101111100110110101111100110100111000000011100101010100110010001110010011000010111001000001000001000001100111101001111011100100000000011010100011000101101111101101101000000101000000110100010000111001001110010
iteration=5; backbones_count=0; cube_count=53232; cpu_time=0.203125; maxrss=7.88672
