inputs=46 keys=186 outputs=45 gates=2000
iteration: 1; vars: 12286; clauses: 5242; decisions: 243
iteration: 2; vars: 16196; clauses: 11614; decisions: 341
iteration: 3; vars: 20106; clauses: 18156; decisions: 404
iteration: 4; vars: 24016; clauses: 4354; decisions: 6743
finished solver loop. fail_count = 0
key=101111001101011000001011000111100011101011110100101010010001110101011101010100101000001101000010000110001110100010011101011111111110110101100101110001010101011110001010000010111110011011
iteration=4; backbones_count=0; cube_count=55802; cpu_time=0.265625; maxrss=9.22656
