inputs=36 keys=49 outputs=7 gates=205
iteration: 1; vars: 1340; clauses: 1562; decisions: 276
iteration: 2; vars: 1734; clauses: 2328; decisions: 1350
iteration: 3; vars: 2128; clauses: 1195; decisions: 2086
iteration: 4; vars: 2522; clauses: 1978; decisions: 2748
iteration: 5; vars: 2916; clauses: 644; decisions: 6119
finished solver loop. fail_count = 0
key=0010100100110011011001001110000110100001100100010
iteration=5; backbones_count=0; cube_count=7284; cpu_time=0.15625; maxrss=4.75781
